<?xml version="1.0"?>
<opencv_storage>
<calibration_time>"Tue 20 Feb 2024 02:18:31 PM EST"</calibration_time>
<nr_of_frames>25</nr_of_frames>
<image_width>640</image_width>
<image_height>480</image_height>
<board_width>9</board_width>
<board_height>6</board_height>
<square_size>50.</square_size>
<fix_aspect_ratio>1.</fix_aspect_ratio>
<!-- flags: +fix_aspectRatio +fix_principal_point +zero_tangent_dist +fix_k1 +fix_k2 +fix_k3 +fix_k4 +fix_k5 -->
<flags>6382</flags>
<fisheye_model>0</fisheye_model>
<camera_matrix type_id="opencv-matrix">
  <rows>3</rows>
  <cols>3</cols>
  <dt>d</dt>
  <data>
    6.7361123292017487e+02 0. 3.1950000000000000e+02 0.
    6.7361123292017487e+02 2.3950000000000000e+02 0. 0. 1.</data></camera_matrix>
<distortion_coefficients type_id="opencv-matrix">
  <rows>5</rows>
  <cols>1</cols>
  <dt>d</dt>
  <data>
    0. 0. 0. 0. 0.</data></distortion_coefficients>
<avg_reprojection_error>3.6945458716243795e-01</avg_reprojection_error>
<per_view_reprojection_errors type_id="opencv-matrix">
  <rows>25</rows>
  <cols>1</cols>
  <dt>f</dt>
  <data>
    3.74181330e-01 3.71965140e-01 3.75615656e-01 3.70155007e-01
    3.71119827e-01 3.66281867e-01 3.72778237e-01 3.70253563e-01
    3.69611531e-01 3.68440390e-01 3.69982690e-01 3.67844403e-01
    3.69644761e-01 3.65084529e-01 3.72347355e-01 3.64157617e-01
    3.67527664e-01 3.73610973e-01 3.65131021e-01 3.66990656e-01
    3.72115374e-01 3.69004995e-01 3.69882017e-01 3.67638797e-01
    3.64687502e-01</data></per_view_reprojection_errors>
<!-- a set of 6-tuples (rotation vector + translation vector) for each view -->
<extrinsic_parameters type_id="opencv-matrix">
  <rows>25</rows>
  <cols>6</cols>
  <dt>d</dt>
  <data>
    -8.3041828439374254e-03 1.2238010120100343e-01
    -3.1359348825806195e+00 1.8902305976092208e+02
    4.9771105314334697e+01 7.2583992480883978e+02
    -8.3712604139682019e-03 1.2249469768057365e-01
    -3.1359232243013935e+00 1.8902358079835349e+02
    4.9768523664653898e+01 7.2584943951965715e+02
    -8.1740624263210420e-03 1.2269573877208023e-01
    -3.1359235682885984e+00 1.8902780692904796e+02
    4.9788695244357697e+01 7.2590354244368916e+02
    -8.0815298041292272e-03 1.2291456304359852e-01
    -3.1359102786256754e+00 1.8902706844366128e+02
    4.9782020088183607e+01 7.2589536070488134e+02
    -8.0356181063598459e-03 1.2281656227785952e-01
    -3.1358913519859386e+00 1.8902187332017493e+02
    4.9774718341993868e+01 7.2595194887143896e+02
    -8.1860234910476459e-03 1.2263711219685440e-01
    -3.1359026380289867e+00 1.8901995960083957e+02
    4.9773418690425473e+01 7.2587409139759745e+02
    -8.1275804041017006e-03 1.2273995308552289e-01
    -3.1358802840765860e+00 1.8902325122189453e+02
    4.9785124726311587e+01 7.2591345261164042e+02
    -7.8797343182051699e-03 1.2230326039065452e-01
    -3.1359033538212713e+00 1.8902603186212804e+02
    4.9778517559144667e+01 7.2590249064074783e+02
    -8.0148181974056820e-03 1.2230965979568596e-01
    -3.1359217390067151e+00 1.8902440157411991e+02
    4.9774596924853029e+01 7.2587440317875496e+02
    -7.7488798127942054e-03 1.2282558812730532e-01
    -3.1359048883335090e+00 1.8903039299489575e+02
    4.9775710165068887e+01 7.2596401314159471e+02
    -8.0946509208366640e-03 1.2258283203498739e-01
    -3.1359097238427300e+00 1.8902737894437089e+02
    4.9775076507497857e+01 7.2588902948589430e+02
    -7.9837305158773856e-03 1.2219064564025792e-01
    -3.1359335899215566e+00 1.8902634674511339e+02
    4.9773044396601371e+01 7.2587338547076013e+02
    -7.9504683677001746e-03 1.2269796640849420e-01
    -3.1359156482363124e+00 1.8902604665120731e+02
    4.9773609705660391e+01 7.2591678434856590e+02
    -7.9165782901069806e-03 1.2256677610009060e-01
    -3.1359288693271963e+00 1.8903097318200403e+02
    4.9771978521108835e+01 7.2590360721217735e+02
    -7.8590052295592124e-03 1.2226603411594072e-01
    -3.1359351465385106e+00 1.8903003581765722e+02
    4.9776736572477738e+01 7.2591262997563570e+02
    -7.8776127384145612e-03 1.2267039951225618e-01
    -3.1359188636033064e+00 1.8903066599660318e+02
    4.9776812355777402e+01 7.2593192025403232e+02
    -7.9831446939099306e-03 1.2236650801852626e-01
    -3.1359259002226874e+00 1.8902647345885819e+02
    4.9774256909255314e+01 7.2588596510483148e+02
    -7.8753465693177996e-03 1.2242288531233618e-01
    -3.1359360046537192e+00 1.8903074471344422e+02
    4.9768125092453239e+01 7.2588743052675250e+02
    -7.9571801297849930e-03 1.2240077812779848e-01
    -3.1359250445142832e+00 1.8902736036132848e+02
    4.9771267025605290e+01 7.2589144242528232e+02
    -7.9870502059895248e-03 1.2255701037278244e-01
    -3.1359389095263221e+00 1.8902718398619621e+02
    4.9771901218118657e+01 7.2589082750532782e+02
    -8.0580845880926771e-03 1.2272990070805749e-01
    -3.1359192262183329e+00 1.8903029655855420e+02
    4.9776498397173000e+01 7.2589226033507202e+02
    -8.0252723014467425e-03 1.2219415886284769e-01
    -3.1359505165932022e+00 1.8903012863395725e+02
    4.9770987051085470e+01 7.2586782505305678e+02
    -7.9974676695887641e-03 1.2242079806377464e-01
    -3.1359069544983069e+00 1.8902602291409744e+02
    4.9774482762942881e+01 7.2589928588465023e+02
    -7.6997756477664618e-03 1.2271082916598434e-01
    -3.1359234316142062e+00 1.8903272046887994e+02
    4.9774905501831782e+01 7.2593862406204835e+02
    -7.8776420110145042e-03 1.2260665285234297e-01
    -3.1359478682791688e+00 1.8903404535887145e+02
    4.9770846343262122e+01 7.2591991298722382e+02</data></extrinsic_parameters>
